degree distribution (probability density function of the degree in logarithmic bins) 
18.5295	0.0898832
27.8118	0.0195337
40.7172	0.00490961
59.4808	0.00120451
85.7836	0.00034382
127.156	8.59694e-05
185.659	1.75954e-05
268.857	5.74232e-06
378.25	7.47909e-07
620.5	5.1141e-07

degree distribution (degree-occurrences) 
16	0.151219
17	0.120072
18	0.100446
19	0.0831355
20	0.0661726
21	0.0567359
22	0.0473861
23	0.0398888
24	0.0337521
25	0.0290916
26	0.0246628
27	0.0225496
28	0.0202628
29	0.0184681
30	0.015284
31	0.0140393
32	0.0127945
33	0.0107393
34	0.00972616
35	0.00801829
36	0.00798935
37	0.00772883
38	0.0061078
39	0.0070341
40	0.00587622
41	0.00494992
42	0.00454467
43	0.00411046
44	0.00382099
45	0.003271
46	0.00303943
47	0.00332889
48	0.00254733
49	0.00298153
50	0.0023447
51	0.00211312
52	0.00205523
53	0.00162103
54	0.00156313
55	0.00188155
56	0.00176576
57	0.0018526
58	0.00144735
59	0.00130261
60	0.00101314
61	0.00104209
62	0.00162103
63	0.00104209
64	0.000868407
65	0.000549991
66	0.000868407
67	0.00130261
68	0.00104209
69	0.000723673
70	0.000636832
71	0.000578938
72	0.000405257
73	0.000578938
74	0.000694726
75	0.000636832
76	0.00083946
77	0.000665779
78	0.000463151
79	0.000636832
80	0.000578938
81	0.000434204
82	0.000607885
83	0.000318416
84	0.000289469
85	0.000289469
86	0.000231575
87	0.000347363
88	0.000202628
89	0.000405257
90	0.000463151
91	0.000260522
92	0.000405257
93	0.000347363
94	0.000231575
95	0.000202628
96	0.000115788
97	0.000173681
98	0.000173681
99	0.00037631
100	0.000144735
101	0.000202628
102	0.000173681
103	0.000202628
104	0.000144735
105	8.68407e-05
106	5.78938e-05
107	0.000231575
108	0.000115788
109	5.78938e-05
110	0.000144735
111	0.000202628
112	0.000115788
113	0.000115788
114	8.68407e-05
115	8.68407e-05
116	8.68407e-05
117	5.78938e-05
118	0.000144735
119	0.000202628
120	0.000115788
121	8.68407e-05
122	0.000144735
123	5.78938e-05
124	2.89469e-05
125	0.000173681
126	0.000202628
127	0.000202628
128	0.000231575
129	8.68407e-05
130	5.78938e-05
131	2.89469e-05
132	2.89469e-05
133	0.000173681
134	8.68407e-05
135	2.89469e-05
136	2.89469e-05
137	2.89469e-05
138	0.000144735
139	2.89469e-05
140	0.000173681
141	2.89469e-05
142	5.78938e-05
143	2.89469e-05
144	5.78938e-05
145	2.89469e-05
147	5.78938e-05
148	8.68407e-05
149	5.78938e-05
150	2.89469e-05
151	2.89469e-05
152	5.78938e-05
153	5.78938e-05
154	5.78938e-05
156	5.78938e-05
158	2.89469e-05
159	2.89469e-05
161	8.68407e-05
165	2.89469e-05
166	5.78938e-05
167	2.89469e-05
168	5.78938e-05
169	2.89469e-05
170	5.78938e-05
171	2.89469e-05
172	2.89469e-05
176	5.78938e-05
177	5.78938e-05
182	5.78938e-05
183	2.89469e-05
184	2.89469e-05
185	2.89469e-05
188	2.89469e-05
189	2.89469e-05
192	2.89469e-05
193	5.78938e-05
196	2.89469e-05
197	2.89469e-05
198	2.89469e-05
203	2.89469e-05
204	2.89469e-05
207	5.78938e-05
209	2.89469e-05
211	2.89469e-05
218	5.78938e-05
221	2.89469e-05
223	2.89469e-05
228	2.89469e-05
230	2.89469e-05
232	5.78938e-05
236	2.89469e-05
245	2.89469e-05
248	2.89469e-05
252	2.89469e-05
253	2.89469e-05
259	2.89469e-05
263	2.89469e-05
267	5.78938e-05
277	2.89469e-05
278	2.89469e-05
280	2.89469e-05
284	2.89469e-05
291	2.89469e-05
293	2.89469e-05
303	2.89469e-05
323	2.89469e-05
333	2.89469e-05
364	2.89469e-05
365	2.89469e-05
383	2.89469e-05
401	2.89469e-05
498	2.89469e-05
594	2.89469e-05
674	2.89469e-05
716	2.89469e-05


--------------------------------------
community distribution (size-occurrences)
20	0.0385488
21	0.0453515
22	0.0204082
23	0.0362812
24	0.0204082
25	0.0294785
26	0.0272109
27	0.0226757
28	0.0249433
29	0.0249433
30	0.031746
31	0.0181406
32	0.0204082
33	0.0204082
34	0.0249433
35	0.015873
36	0.0204082
37	0.0272109
38	0.0181406
39	0.0136054
41	0.0136054
42	0.00453515
43	0.00907029
44	0.0136054
45	0.00907029
47	0.0113379
48	0.00226757
49	0.015873
50	0.00680272
51	0.00907029
52	0.00680272
53	0.00453515
54	0.00680272
55	0.0113379
56	0.0113379
57	0.00453515
58	0.00226757
59	0.00680272
60	0.0113379
61	0.00453515
63	0.00453515
64	0.00226757
65	0.00453515
66	0.00453515
67	0.00680272
68	0.0136054
69	0.00453515
70	0.00680272
71	0.00453515
72	0.00453515
75	0.00453515
76	0.00226757
77	0.00226757
78	0.00453515
79	0.00907029
80	0.00907029
82	0.00226757
83	0.00226757
84	0.00680272
85	0.00453515
86	0.00226757
87	0.00226757
88	0.00680272
89	0.00226757
90	0.00453515
93	0.00226757
94	0.00680272
96	0.00680272
98	0.00226757
100	0.00226757
103	0.00226757
106	0.00453515
108	0.00226757
110	0.00226757
111	0.00226757
112	0.00453515
114	0.00226757
116	0.00226757
118	0.00226757
119	0.00226757
120	0.00226757
123	0.00226757
126	0.00226757
129	0.00680272
136	0.00226757
137	0.00226757
139	0.00226757
143	0.00226757
147	0.00453515
149	0.00226757
150	0.00453515
151	0.00226757
155	0.00453515
156	0.00226757
158	0.00226757
159	0.00453515
160	0.00226757
161	0.00226757
163	0.00453515
164	0.00226757
169	0.00226757
170	0.00226757
177	0.00226757
178	0.00226757
183	0.00226757
185	0.00226757
200	0.00226757
204	0.00226757
205	0.00226757
206	0.00226757
210	0.00226757
218	0.00226757
228	0.00226757
229	0.00226757
243	0.00453515
244	0.00226757
247	0.00226757
264	0.00226757
267	0.00226757
280	0.00226757
281	0.00226757
291	0.00226757
294	0.00453515
298	0.00226757
323	0.00226757
330	0.00226757
337	0.00226757
341	0.00226757
390	0.00226757
396	0.00226757
411	0.00453515
424	0.00226757
425	0.00226757
431	0.00226757
434	0.00226757
476	0.00226757
492	0.00226757
513	0.00226757
519	0.00226757
535	0.00226757
571	0.00226757
612	0.00226757


--------------------------------------
mixing parameter
0.277778	5.78938e-05
0.294118	0.000173681
0.303261	0.000115788
0.315546	0.00075262
0.333368	0.0167892
0.3516	0.110085
0.361994	0.0649279
0.372832	0.303914
0.384438	0.261883
0.396207	0.124038
0.40839	0.026197
0.414272	0.0767672
0.427656	0.000173681
0.437683	0.0135761
0.451515	0.000173681
0.471517	0.000289469
0.5	8.68407e-05

--------------------------------------
